GOES 3                  
1 10953U 78062A   15132.35976297 -.00000099  00000-0  00000+0 0  9999
2 10953  14.1811 339.5525 0004923 143.1471 127.4313  1.00273882 88274
TDRS 3                  
1 19548U 88091B   15134.21888236 -.00000313  00000-0  00000+0 0  9992
2 19548  14.6083  16.3864 0038110 307.7595 284.0717  1.00276712 84735
LEASAT 5                
1 20410U 90002B   15131.91442892 -.00000086  00000-0  00000+0 0  9992
2 20410  11.2125  18.4143 0001907 208.7865  43.3775  1.00273368 78032
SKYNET 4C               
1 20776U 90079A   15132.23106185 -.00000043  00000-0  00000+0 0  9992
2 20776  13.3093  24.1283 0001449  44.2190 243.3039  1.00273271 90298
TDRS 5                  
1 21639U 91054B   15133.48868894  .00000080  00000-0  00000+0 0  9995
2 21639  13.7062  29.8878 0019824 339.0622 230.4451  1.00281254 87088
TDRS 6                  
1 22314U 93003B   15131.10818079 -.00000295  00000-0  00000+0 0  9998
2 22314  13.1699  32.7547 0003906 331.1450 217.6712  1.00277932 81721
INTELSAT 701 (IS-701)   
1 22871U 93066A   15132.31697063 -.00000228  00000-0  00000+0 0  9993
2 22871   2.7250  71.2875 0004441 343.7757 259.2973  1.00270506 78752
NATO 4B                 
1 22921U 93076A   15130.99830229  .00000127  00000-0  00000+0 0  9992
2 22921  11.5746  30.6895 0003275   2.2635 227.3267  1.00276138 78459
INTELSAT 702 (IS-702)   
1 23124U 94034A   15133.95359573  .00000139  00000-0  10000-3 0  9998
2 23124   3.0708  69.7692 0001812 320.8066 217.0106  1.00273494 90745
OPTUS B3                
1 23227U 94055A   15132.49543858 -.00000089  00000-0  00000+0 0  9994
2 23227   6.1343  56.2908 0003575 333.8819 182.3499  1.00273422 75795
ASTRA 1D                
1 23331U 94070A   15133.26698201 -.00000289  00000-0  00000+0 0  9998
2 23331   6.3250  55.4001 0005218   0.7792 203.0431  1.00270748 75583
BRASILSAT B2            
1 23536U 95016A   15132.92619133 -.00000297  00000-0  00000+0 0  9994
2 23536   5.9431  57.2046 0002172   4.5508  78.8330  1.00272020 73712
AMSC 1                  
1 23553U 95019A   15131.34842285 -.00000119  00000-0  00000+0 0  9990
2 23553   9.0000  47.1993 0004378  10.5419 193.2288  1.00273102 73531
TDRS 7                  
1 23613U 95035B   15134.07241975 -.00000211  00000-0  00000+0 0  9990
2 23613  14.4919  23.5445 0024666  16.8856 301.8206  1.00277019 72541
ASTRA 1E                
1 23686U 95055A   15132.84528638  .00000122  00000-0  00000+0 0  9999
2 23686   4.0194  65.5642 0004057 343.0614 149.6781  1.00273370 71546
ECHOSTAR 1              
1 23754U 95073A   15132.35430115 -.00000256  00000-0  10000-3 0  9997
2 23754   0.0093 249.8536 0002760 159.4563 230.9128  1.00271976 70791
ABS-1A                  
1 23768U 96003A   15131.86768980 -.00000026  00000-0  00000+0 0  9995
2 23768   6.9942  53.5291 0004563  21.6308 173.2843  1.00273043 70758
INMARSAT 3-F1           
1 23839U 96020A   15132.85347782 -.00000004  00000-0  00000+0 0  9992
2 23839   2.5100  71.1351 0005704 334.5768 196.3290  1.00272741 69970
ASTRA 1F                
1 23842U 96021A   15133.00918610  .00000123  00000-0  00000+0 0  9990
2 23842   0.0410   0.2830 0003503  56.2616 221.6793  1.00271616 69836
MSAT M1                 
1 23846U 96022A   15133.46243605 -.00000099  00000-0  00000+0 0  9993
2 23846   6.5118  55.0703 0003936 342.6157 253.1228  1.00272154 69814
PALAPA C2               
1 23864U 96030A   15133.60403611 -.00000251  00000-0  10000-3 0  9998
2 23864   4.1630  64.1110 0001542 356.8474 173.5851  1.00271990 69544
INMARSAT 3-F2           
1 24307U 96053A   15132.81285946 -.00000137  00000-0  00000+0 0  9995
2 24307   1.0722  81.5674 0006789 330.9638  94.8746  1.00272183 68380
AMC-1 (GE-1)            
1 24315U 96054A   15134.25446918 -.00000118  00000-0  00000+0 0  9992
2 24315   0.0621  82.7618 0002902 342.2259 155.3146  1.00272354 68393
AFRICASAT-2 (MEASAT-2)  
1 24653U 96063B   15131.65856593 -.00000233  00000-0  00000+0 0  9990
2 24653   6.2349  55.8822 0002956 144.6154  53.7769  1.00270945 67719
EUTELSAT 48A            
1 24665U 96067A   15132.00491626  .00000107  00000-0  10000-3 0  9993
2 24665   5.0238  60.6339 0005508 340.0451 238.8530  1.00274821 68025
INMARSAT 3-F3           
1 24674U 96070A   15132.54555075  .00000027  00000-0  00000+0 0  9991
2 24674   1.9182  75.5547 0005562 325.0364 203.9836  1.00275491 67339
AMC-2 (GE-2)            
1 24713U 97002A   15132.35420204 -.00000240  00000-0  00000+0 0  9993
2 24713   2.8846  70.1735 0005825 325.6574 240.6401  1.00270461 17705
INTELSAT 26 (IS-26)     
1 24732U 97007A   15132.04250800 -.00000017  00000-0  00000+0 0  9990
2 24732   6.2010  56.1170 0005716 353.3078 261.1768  1.00273660 66667
GALAXY 25 (G-25)        
1 24812U 97026A   15131.61324448 -.00000176  00000-0  00000+0 0  9998
2 24812   0.0032 295.6179 0003352 115.6973 305.4411  1.00271661 65696
INMARSAT 3-F4           
1 24819U 97027A   15133.26734029 -.00000302  00000-0  00000+0 0  9990
2 24819   4.3970  62.4254 0005459 338.0367 232.4890  1.00271254 65747
SUPERBIRD-A3            
1 24880U 97036A   15133.86563324 -.00000148  00000-0  00000+0 0  9990
2 24880   5.3499  59.3028 0002220 345.7023 295.8596  1.00269956 65105
ABS-3                   
1 24901U 97042A   15134.12953453 -.00000043  00000-0  00000+0 0  9991
2 24901   3.4565  68.0886 0003796 352.5830 214.5064  1.00272568 64900
INTELSAT 5 (IS-5)       
1 24916U 97046A   15132.61469671 -.00000152  00000-0  00000+0 0  9998
2 24916   2.0379  75.0179 0005556 336.6088 196.7446  1.00271771 64989
METEOSAT-7              
1 24932U 97049B   15133.94690039  .00000041  00000-0  00000+0 0  9996
2 24932   9.6260  44.6515 0000232  55.7234 169.4517  1.00271313 64790
AMC-3 (GE-3)            
1 24936U 97050A   15134.15017874 -.00000289  00000-0  10000-3 0  9996
2 24936   0.0244 286.0953 0001108 124.9788 167.5827  1.00272258 64810
NSS-5                   
1 24957U 97053A   15133.83973971  .00000096  00000-0  00000+0 0  9995
2 24957   2.3465  73.3674 0002978 339.9490 170.7440  1.00270167 64605
ECHOSTAR 3              
1 25004U 97059A   15132.35113113 -.00000296  00000-0  10000-3 0  9993
2 25004   0.5839  82.3430 0001821 344.1808 227.8851  1.00269209 64493
JCSAT-1B                
1 25067U 97075A   15130.64812029 -.00000212  00000-0  00000+0 0  9995
2 25067   4.1720  63.9563 0003110 338.2750 209.2755  1.00273290 63891
ASTRA 1G                
1 25071U 97076A   15133.90631966  .00000035  00000-0  00000+0 0  9994
2 25071   0.7711  79.4088 0003404 338.1908 199.8315  1.00270501 63902
BRASILSAT B3            
1 25152U 98006A   15130.43629560 -.00000180  00000-0  00000+0 0  9992
2 25152   2.5512  72.7582 0002597 332.1429 248.1234  1.00272454 63277
INMARSAT 3-F5           
1 25153U 98006B   15133.07269894  .00000125  00000-0  00000+0 0  9994
2 25153   1.0589  72.5658 0004352 339.9175 228.7920  1.00271659 63285
NSS-806                 
1 25239U 98014A   15132.27071922 -.00000293  00000-0  00000+0 0  9999
2 25239   0.0576  22.4253 0004899  24.4577 232.8304  1.00272045 63022
CHINASAT 5A (ZX 5A)     
1 25354U 98033A   15131.66578815 -.00000279  00000-0  00000+0 0  9997
2 25354   0.0433  76.0472 0002409 337.9400 196.8240  1.00269481 66595
THOR III                
1 25358U 98035A   15134.13344657 -.00000054  00000-0  00000+0 0  9994
2 25358   4.0760  64.0930 0002083 344.9640 226.2323  1.00271508 62087
INTELSAT 805 (IS-805)   
1 25371U 98037A   15132.35482713 -.00000300  00000-0  10000-3 0  9998
2 25371   0.0029 186.0231 0003643 237.1210 238.9062  1.00271510 61918
ASTRA 2A                
1 25462U 98050A   15133.00394741  .00000135  00000-0  00000+0 0  9990
2 25462   0.0528 117.2156 0003203 338.9138 163.9191  1.00272207 61134
INTELSAT 7 (IS-7)       
1 25473U 98052A   15134.04504410 -.00000158  00000-0  00000+0 0  9991
2 25473   1.6235  78.0221 0001697 345.8720 165.5719  1.00271271 61015
SIRIUS 3                
1 25492U 98056B   15133.90609097  .00000089  00000-0  00000+0 0  9999
2 25492   5.1660  59.9492 0001337 353.8717 194.8894  1.00272582 60868
AFRISTAR                
1 25515U 98063A   15133.83895455  .00000111  00000-0  00000+0 0  9996
2 25515   1.8154  71.0133 0005040 350.6497 132.5944  1.00271162 60539
INTELSAT 8 (IS-8)       
1 25522U 98065A   15131.42725838 -.00000043  00000-0  00000+0 0  9991
2 25522   0.0044 211.2276 0003250 197.2123 143.2671  1.00272395 60494
EUTELSAT 115 WEST A     
1 25558U 98070A   15134.15235454 -.00000041  00000-0  10000-3 0  9992
2 25558   1.6336  77.6723 0003468 330.6716 123.1718  1.00271821 60411
JCSAT-4A                
1 25630U 99006A   15133.57034865 -.00000170  00000-0  10000-3 0  9994
2 25630   0.7300  83.8636 0001931 326.3908 108.0110  1.00271028 59362
SKYNET 4E               
1 25639U 99009B   15132.84136160  .00000015  00000-0  00000+0 0  9998
2 25639   9.3168  34.9151 0002463  10.8365 133.5395  1.00272296 59388
ASIASAT 3S              
1 25657U 99013A   15132.71741541 -.00000377  00000-0  00000+0 0  9996
2 25657   0.9516  81.8804 0001759 287.6412 237.2379  1.00269694 59171
ASTRA 1H                
1 25785U 99033A   15133.26698963 -.00000286  00000-0  00000+0 0  9999
2 25785   2.3317  73.5084 0001056 286.5224 259.1993  1.00270257 58143
TELKOM 1                
1 25880U 99042A   15133.48038061 -.00000360  00000-0  00000+0 0  9999
2 25880   0.0247  93.4434 0001950 359.0741  59.3584  1.00269434 57723
ABS-7                   
1 25894U 99046A   15133.61738218 -.00000378  00000-0  10000-3 0  9998
2 25894   0.0393 107.6222 0002878 326.1505 135.6372  1.00273229 56523
GALAXY 27 (G-27)        
1 25922U 99052A   15131.60882831 -.00000016  00000-0  00000+0 0  9999
2 25922   1.6977  76.9534 0008088 357.1030  80.3487  1.00272249 57233
ABS-6                   
1 25924U 99053A   15132.61259022 -.00000134  00000-0  00000+0 0  9995
2 25924   0.0468  92.3528 0002160 329.6543 187.6103  1.00271488 57269
TELSTAR 12 (ORION 2)    
1 25949U 99059A   15134.03184977 -.00000135  00000-0  00000+0 0  9993
2 25949   0.0469  72.1196 0002680 338.3824 177.4208  1.00271563 56930
AMC-4 (GE-4)            
1 25954U 99060A   15134.16266341 -.00000289  00000-0  10000-3 0  9996
2 25954   0.0385  61.5205 0002910  29.5107 132.1117  1.00271733 56852
GALAXY 11 (G-11)        
1 26038U 99071A   15134.20048242 -.00000302  00000-0  10000-3 0  9991
2 26038   0.0689 269.7880 0000378 214.6544 123.7594  1.00270565 56477
HISPASAT 1C             
1 26071U 00007A   15133.33980612 -.00000227  00000-0  00000+0 0  9999
2 26071   0.0667  62.3482 0002517 357.6545 209.2435  1.00270224 55993
SUPERBIRD-B2            
1 26095U 00012A   15133.43259725 -.00000108  00000-0  00000+0 0  9994
2 26095   0.0076 205.0574 0002183 213.1447 130.3999  1.00271302 55815
EXPRESS-A2              
1 26098U 00013A   15132.91907030 -.00000260  00000-0  10000-3 0  9993
2 26098   7.8037  50.7660 0015606  98.7947 196.7271  1.00274993 55523
ASIASTAR                
1 26107U 00016A   15133.68902568 -.00000347  00000-0  10000-3 0  9999
2 26107   0.1273  52.2653 0004592 350.6248 181.2892  1.00268976 55518
EUTELSAT 16C            
1 26243U 00019A   15133.07244738  .00000080  00000-0  00000+0 0  9992
2 26243   2.7980  70.4353 0003039 338.9402 221.7283  1.00274525 55169
EUTELSAT 36A            
1 26369U 00028A   15132.91595782  .00000140  00000-0  10000-3 0  9993
2 26369   0.0657 351.9009 0004340  56.0977 188.1824  1.00271992 54831
TDRS 8                  
1 26388U 00034A   15133.76347271 -.00000237  00000-0  00000+0 0  9996
2 26388   6.1402  63.1364 0002293 341.4738 190.5521  1.00269281 54541
ECHOSTAR 6              
1 26402U 00038A   15134.23816372 -.00000161  00000-0  00000+0 0  9999
2 26402   2.7137  71.3179 0001791 337.4037 172.4670  1.00271099 54307
INTELSAT 9 (IS-9)       
1 26451U 00043A   15134.15598578 -.00000285  00000-0  10000-3 0  9997
2 26451   2.0262  75.2960 0003300 328.0942 201.2566  1.00271758 54210
BRASILSAT B4            
1 26469U 00046A   15133.33425407 -.00000226  00000-0  10000-3 0  9993
2 26469   0.1065  94.9993 0002654 309.2832 222.7690  1.00268881 53996
NILESAT 102             
1 26470U 00046B   15133.96518309 -.00000074  00000-0  00000+0 0  9994
2 26470   0.0981  79.8218 0004369 316.2415 175.7603  1.00271682 54003
ASTRA 2B                
1 26494U 00054A   15131.09424613  .00000143  00000-0  00000+0 0  9991
2 26494   0.6485  79.0246 0003525 332.0499 242.8046  1.00275433 53574
AMC-7 (GE-7)            
1 26495U 00054B   15131.42876009  .00000083  00000-0  00000+0 0  9992
2 26495   0.0472  57.8034 0003012 345.8036 202.6552  1.00274203 53608
NSS-11 (AAP-1)          
1 26554U 00059A   15132.68616907 -.00000360  00000-0  10000-3 0  9995
2 26554   0.0273  22.5401 0002761  52.9668 149.8380  1.00269673 53557
N-SAT-110 (JCSAT-110)   
1 26559U 00060A   15133.56280759 -.00000367  00000-0  10000-3 0  9999
2 26559   0.0086 310.9840 0000196 182.0031  50.6832  1.00269377 53499
AMC-6 (GE-6)            
1 26580U 00067A   15134.14877634 -.00000276  00000-0  10000-3 0  9998
2 26580   0.0212 358.5204 0002811  52.9887 161.6209  1.00270582 53352
INTELSAT 12 (IS-12)     
1 26590U 00068A   15132.90378263  .00000121  00000-0  00000+0 0  9999
2 26590   0.0133   8.4219 0003417  41.2581 191.0449  1.00274181 53168
INTELSAT 1R (IS-1R)     
1 26608U 00072A   15133.26745463 -.00000298  00000-0  00000+0 0  9990
2 26608   0.0104 276.5355 0000500  19.6189 340.8344  1.00272756 53038
ANIK F1                 
1 26624U 00076A   15134.21911502 -.00000091  00000-0  00000+0 0  9998
2 26624   0.0129 218.8294 0001633 219.9596 124.4476  1.00271640 53100
ASTRA 2D                
1 26638U 00081A   15133.98138044  .00000133  00000-0  00000+0 0  9990
2 26638   2.1758  73.7560 0001329 358.6102 180.3018  1.00274093 52811
AMC-8 (GE-8)            
1 26639U 00081B   15132.49700128  .00000089  00000-0  00000+0 0  9994
2 26639   0.0445  65.5864 0002795 345.8362 218.4601  1.00274416 52654
TURKSAT 2A              
1 26666U 01002A   15133.88539721  .00000129  00000-0  10000-3 0  9991
2 26666   0.0715  41.8483 0005337  10.9792 179.2709  1.00275436 52522
SKYNET 4F               
1 26695U 01005B   15133.17214491 -.00000257  00000-0  10000-3 0  9995
2 26695   7.9079  42.5006 0002767  13.0977 202.9629  1.00275049 52249
EUTELSAT 28A            
1 26719U 01011A   15133.95871057  .00000134  00000-0  10000-3 0  9995
2 26719   0.0671 358.2602 0004231  59.6819 187.0550  1.00272562 51945
XM-1 (ROLL)             
1 26761U 01018A   15132.26195749 -.00000037  00000-0  10000-3 0  9992
2 26761   0.1182 254.5985 0003416 322.2081 351.9336  1.00270645 51377
INTELSAT 10 (IS-10)     
1 26766U 01019A   15132.84429189  .00000112  00000-0  00000+0 0  9998
2 26766   0.0173  25.2678 0002649  44.5569 151.9016  1.00272029 51286
INTELSAT 901 (IS-901)   
1 26824U 01024A   15131.81519153 -.00000154  00000-0  00000+0 0  9993
2 26824   0.0404  33.4952 0002647  24.2987  86.9507  1.00272029 50989
ASTRA 2C                
1 26853U 01025A   15133.00394344  .00000135  00000-0  00000+0 0  9990
2 26853   0.0439 317.8064 0001997  92.7598 209.4816  1.00274248 50965
ARTEMIS                 
1 26863U 01029A   15133.83897742  .00000100  00000-0  00000+0 0  9998
2 26863  11.7870  41.4453 0000789  48.7105 104.5381  1.00274257 51771
INTELSAT 902 (IS-902)   
1 26900U 01039A   15131.97400366  .00000019  00000-0  00000+0 0  9995
2 26900   0.0112 340.2995 0003344  73.0787 228.6976  1.00272760 50135
EUTELSAT 8 WEST A       
1 26927U 01042A   15133.07187566 -.00000081  00000-0  00000+0 0  9995
2 26927   0.0603   9.1567 0005926  50.0726 189.0897  1.00272573 49885
DIRECTV 4S              
1 26985U 01052A   15133.40935241 -.00000129  00000-0  00000+0 0  9991
2 26985   0.0031 250.4931 0001861 164.0479 222.4910  1.00271404 49357
INSAT-3C                
1 27298U 02002A   15133.05156706 -.00000092  00000-0  00000+0 0  9996
2 27298   0.0009 122.6770 0007056 303.9976 256.3660  1.00271808 48725
ECHOSTAR 7              
1 27378U 02006A   15132.53106350 -.00000015  00000-0  00000+0 0  9996
2 27378   0.0325  64.0846 0001023 319.0133 279.2658  1.00270965 48419
INTELSAT 904 (IS-904)   
1 27380U 02007A   15131.92782355  .00000035  00000-0  10000-3 0  9993
2 27380   0.0602  54.0114 0003293 337.7686 231.6452  1.00274153 48448
TDRS 9                  
1 27389U 02011A   15133.98005404 -.00000160  00000-0  10000-3 0  9998
2 27389   3.6731  90.9771 0010222 223.6070 248.5112  1.00370316 49817
JCSAT-2A                
1 27399U 02015A   15132.61650171 -.00000180  00000-0  00000+0 0  9996
2 27399   0.0425  75.3070 0001524 312.3600 218.3561  1.00272553 48038
ASTRA 3A                
1 27400U 02015B   15133.58636297  .00000057  00000-0  00000+0 0  9991
2 27400   2.3527  72.5723 0002061 312.1449 240.6051  1.00275475 48071
INTELSAT 903 (IS-903)   
1 27403U 02016A   15133.90482319 -.00000254  00000-0  00000+0 0  9995
2 27403   0.0267  15.1642 0003527  44.2897 103.1196  1.00271732 48043
NSS-7                   
1 27414U 02019A   15132.82640029 -.00000169  00000-0  00000+0 0  9999
2 27414   0.3148  88.2508 0002703 290.0277 129.5103  1.00271235 47942
DIRECTV 5 (TEMPO 1)     
1 27426U 02023A   15133.40911609 -.00000072  00000-0  10000-3 0  9995
2 27426   0.0063 291.8836 0003577 122.7601 213.3670  1.00272546 47684
INTELSAT 905 (IS-905)   
1 27438U 02027A   15133.07144115 -.00000200  00000-0  00000+0 0  9993
2 27438   0.0092 287.5578 0002601 115.4856 188.6791  1.00270501 47342
EXPRESS-A4              
1 27441U 02029A   15131.28750638 -.00000125  00000-0  00000+0 0  9999
2 27441   4.7122  61.9296 0002376  49.9547 206.3621  1.00273241 47310
GALAXY 3C (G-3C)        
1 27445U 02030A   15131.42986543 -.00000164  00000-0  10000-3 0  9995
2 27445   0.0072 325.3192 0001637  30.1636 293.1210  1.00270623 47295
EUTELSAT 5 WEST A       
1 27460U 02035A   15134.13646875 -.00000059  00000-0  10000-3 0  9992
2 27460   0.0424 344.7672 0005619  67.2193 223.6968  1.00271073 47113
N-STAR C                
1 27461U 02035B   15131.40795056 -.00000319  00000-0  00000+0 0  9990
2 27461   3.1778  69.5644 0002694 319.3927 122.7747  1.00269286 47024
EUTELSAT 8 WEST C       
1 27499U 02038A   15133.07189090 -.00000076  00000-0  00000+0 0  9994
2 27499   0.0475 348.8186 0003533  75.4463 184.6815  1.00276414 46570
ECHOSTAR 8              
1 27501U 02039A   15133.26673808 -.00000258  00000-0  10000-3 0  9992
2 27501   0.0042 281.5395 0002676 136.1742 192.1302  1.00271357 46634
EUTELSAT 12 WEST A      
1 27508U 02040A   15133.10858588 -.00000115  00000-0  00000+0 0  9991
2 27508   0.0739   5.4924 0002539  84.4450 167.2782  1.00272510 46608
METEOSAT-8 (MSG-1)      
1 27509U 02040B   15133.07218058  .00000007  00000-0  00000+0 0  9999
2 27509   3.4773  61.2148 0000547 188.5410  10.2999  1.00273602 46601
INTELSAT 906 (IS-906)   
1 27513U 02041A   15133.05133074 -.00000003  00000-0  00000+0 0  9994
2 27513   0.0244 354.1399 0003823  57.1400 261.8487  1.00282664 46383
KODAMA (DRTS)           
1 27516U 02042B   15132.99396042 -.00000250  00000-0  00000+0 0  9990
2 27516   3.6245  66.8314 0002832 336.1092 276.0529  1.00269732 46438
KALPANA-1 (METSAT 1)    
1 27525U 02043A   15131.96761466 -.00000091  00000-0  00000+0 0  9996
2 27525   5.0150  60.7429 0011150 220.3003  10.6275  1.00271908 46391
HISPASAT 1D             
1 27528U 02044A   15133.06958125 -.00000231  00000-0  00000+0 0  9999
2 27528   0.0266 336.3589 0004502  56.6535 192.5633  1.00272191 46303
EUTELSAT 33B            
1 27554U 02051A   15131.87529113  .00000142  00000-0  10000-3 0  9999
2 27554   0.0387 114.2025 0001094   3.9048  99.4584  1.00277727 45715
TDRS 10                 
1 27566U 02055A   15132.78525422  .00000070  00000-0  00000+0 0  9991
2 27566   3.6689  61.9113 0005768 231.3150  45.4058  1.00277847 45597
NSS-6                   
1 27603U 02057A   15133.76046407 -.00000285  00000-0  10000-3 0  9999
2 27603   0.0608  90.7161 0001603 287.9629 221.2866  1.00271251 45488
NIMIQ 2                 
1 27632U 02062A   15133.26781292 -.00000260  00000-0  00000+0 0  9998
2 27632   0.4138  86.3286 0005040 311.5053 253.2978  1.00272229 45277
INTELSAT 907 (IS-907)   
1 27683U 03007A   15132.32410152 -.00000217  00000-0  00000+0 0  9996
2 27683   0.0253   5.0921 0003105  53.7775 260.0841  1.00271102 44764
INSAT-3A                
1 27714U 03013A   15133.76257000 -.00000274  00000-0  00000+0 0  9991
2 27714   0.0258 262.6541 0006136 169.9146 166.6704  1.00272080 44318
GALAXY 12 (G-12)        
1 27715U 03013B   15132.40175252  .00000044  00000-0  10000-3 0  9999
2 27715   0.0025  74.1193 0002209 304.6197 226.7663  1.00272998 44355
ASIASAT 4               
1 27718U 03014A   15133.81397395 -.00000376  00000-0  00000+0 0  9997
2 27718   0.0395  98.8326 0000992 345.4906 202.0516  1.00268931 44296
HELLAS-SAT 2            
1 27811U 03020A   15132.73463050  .00000137  00000-0  00000+0 0  9994
2 27811   0.0192  50.3100 0004349   8.6784 114.6409  1.00269579 43725
AMC-9 (GE-12)           
1 27820U 03024A   15132.35414868 -.00000230  00000-0  00000+0 0  9994
2 27820   0.0228   2.4562 0003271  61.5335 210.3043  1.00270961 43688
THURAYA-2               
1 27825U 03026A   15132.91556419  .00000118  00000-0  10000-3 0  9991
2 27825   4.2242  25.4904 0004681  23.9194 194.5848  1.00273867 43719
OPTUS C1                
1 27831U 03028B   15132.30562554 -.00000162  00000-0  00000+0 0  9995
2 27831   0.0392 127.0978 0003060 301.3890  67.2924  1.00269718 43678
ECHOSTAR 12 (RAINBOW 1) 
1 27852U 03033A   15134.15466012 -.00000298  00000-0  00000+0 0  9991
2 27852   0.0237  14.1444 0001492  76.1829 135.5522  1.00268766 43359
GALAXY 23 (G-23)        
1 27854U 03034A   15133.46730727 -.00000003  00000-0  00000+0 0  9998
2 27854   0.0237  81.7276 0003032 334.3390 222.0807  1.00272597 42992
EUTELSAT 33A            
1 27948U 03043A   15134.18697240  .00000138  00000-0  10000-3 0  9997
2 27948   0.8461  80.4472 0000339 322.2012 287.0393  1.00273230 42694
GALAXY 13 (HORIZONS-1)  
1 27954U 03044A   15131.42903453  .00000035  00000-0  00000+0 0  9996
2 27954   0.0038 263.9295 0001061 181.8420 170.5622  1.00272101 42528
YAMAL 202               
1 28089U 03053A   15133.83970160  .00000104  00000-0  00000+0 0  9999
2 28089   0.0131 279.5293 0003431 181.6940 121.3354  1.00270823 42054
AMOS-2                  
1 28132U 03059A   15134.13646875 -.00000051  00000-0  00000+0 0  9993
2 28132   0.0809  98.9947 0003065 299.2148 238.4286  1.00271516 41753
EXPRESS-AM22 (SESAT 2)  
1 28134U 03060A   15132.05684153  .00000083  00000-0  10000-3 0  9996
2 28134   0.0038 287.0994 0000527 196.7467 179.1630  1.00273326 41651
AMC-10 (GE-10)          
1 28154U 04003A   15133.49850898  .00000072  00000-0  10000-3 0  9994
2 28154   0.0438  70.9489 0002711 345.8827 218.5613  1.00271933 41290
ABS-2I                  
1 28184U 04007A   15131.69295939  .00000028  00000-0  00000+0 0  9996
2 28184   0.0146 198.0493 0001103 247.9050  93.6227  1.00273049 40944
EUTELSAT 7A             
1 28187U 04008A   15132.98555345  .00000033  00000-0  00000+0 0  9999
2 28187   0.0682  10.1627 0003989  68.9732 153.1014  1.00273214 40936
DIRECTV 7S              
1 28238U 04016A   15133.40887978 -.00000015  00000-0  00000+0 0  9994
2 28238   0.0333  17.7033 0003585  30.5334 210.7429  1.00271866 40442
AMC-11 (GE-11)          
1 28252U 04017A   15133.40856723  .00000053  00000-0  00000+0 0  9996
2 28252   0.0334  27.6188 0002672  18.2751 201.0301  1.00272186 40136
INTELSAT 10-02          
1 28358U 04022A   15134.08873030 -.00000027  00000-0  10000-3 0  9991
2 28358   0.0055 195.7125 0002463 289.9641 136.7803  1.00271370 39991
APSTAR 5 (TELSTAR 18)   
1 28364U 04024A   15134.25114117 -.00000310  00000-0  00000+0 0  9993
2 28364   0.0122  21.4454 0002554  38.9105  39.7170  1.00270682 39939
ANIK F2                 
1 28378U 04027A   15134.10860671 -.00000066  00000-0  10000-3 0  9991
2 28378   0.0250 357.2073 0000789 353.9289 168.4260  1.00271628 39722
AMAZONAS 1              
1 28393U 04031A   15133.26730980 -.00000301  00000-0  00000+0 0  9995
2 28393   0.1717  86.9155 0002209 329.4496 215.2145  1.00272820 39483
AMC-15                  
1 28446U 04041A   15132.25677828 -.00000103  00000-0  10000-3 0  9999
2 28446   0.0366  20.7213 0002324  22.0233 174.3623  1.00272243 38748
AMC-16                  
1 28472U 04048A   15134.24691940 -.00000223  00000-0  10000-3 0  9990
2 28472   0.0286  15.7940 0002786  38.0725 181.7036  1.00271809 38189
NSS-10 (AMC-12)         
1 28526U 05003A   15134.15407199 -.00000267  00000-0  10000-3 0  9991
2 28526   0.0140 329.5949 0003472  73.2115 206.8354  1.00270407 37689
XTAR-EUR                
1 28542U 05005A   15134.18697240  .00000135  00000-0  00000+0 0  9990
2 28542   0.0228 275.3568 0002056 136.4660 276.0918  1.00273387 37543
HIMAWARI-6 (MTSAT-1R)   
1 28622U 05006A   15133.86955455 -.00000297  00000-0  00000+0 0  9999
2 28622   0.1310  87.0481 0004139 322.1546 275.1052  1.00271165 37370
XM-3 (RHYTHM)           
1 28626U 05008A   15134.24691995 -.00000222  00000-0  10000-3 0  9997
2 28626   0.0297  98.7951 0000519 353.5721 143.1080  1.00271598 37431
INMARSAT 4-F1           
1 28628U 05009A   15132.30508795 -.00000275  00000-0  10000-3 0  9998
2 28628   2.7602   1.1572 0003047  46.9204  75.0005  1.00270263 37031
EXPRESS-AM2             
1 28629U 05010A   15133.84055537 -.00000152  00000-0  10000-3 0  9996
2 28629   0.7824  83.4888 0001394 114.3921  55.9953  1.00271449 37078
APSTAR 6                
1 28638U 05012A   15133.93319914 -.00000334  00000-0  00000+0 0  9997
2 28638   0.0417  83.3759 0002485 336.1264 281.8295  1.00271856 61776
SPACEWAY 1              
1 28644U 05015A   15132.24682700 -.00000117  00000-0  00000+0 0  9995
2 28644   0.0101 171.2882 0000205  98.6604 305.7147  1.00272404 36867
DIRECTV 8               
1 28659U 05019A   15133.40936002 -.00000131  00000-0  00000+0 0  9997
2 28659   0.0138 346.7631 0003096  58.8334 231.7652  1.00271822 36540
GALAXY 28 (G-28)        
1 28702U 05022A   15131.27459503 -.00000198  00000-0  00000+0 0  9992
2 28702   0.0128 326.6105 0000311  61.1406 210.8472  1.00271528 36210
EXPRESS-AM3             
1 28707U 05023A   15133.92689760 -.00000337  00000-0  00000+0 0  9997
2 28707   0.0074 288.0320 0001069 163.7959 216.2018  1.00269786 36217
THAICOM 4               
1 28786U 05028A   15132.49424940 -.00000377  00000-0  00000+0 0  9991
2 28786   0.0048  49.4705 0002509 349.1712 128.7370  1.00269515 35697
GALAXY 14 (G-14)        
1 28790U 05030A   15133.40872733  .00000021  00000-0  10000-3 0  9998
2 28790   0.0141 338.7490 0002800  58.1370 216.1087  1.00272922 35662
ANIK F1R                
1 28868U 05036A   15132.73494520 -.00000089  00000-0  00000+0 0  9999
2 28868   0.0482  79.9655 0002905 322.2280 345.2730  1.00272181 35514
GALAXY 15 (G-15)        
1 28884U 05041A   15133.59714429  .00000063  00000-0  00000+0 0  9992
2 28884   0.0110 324.6263 0001465 103.2284 245.1391  1.00271092 35001
SYRACUSE 3A             
1 28885U 05041B   15133.05090385  .00000114  00000-0  00000+0 0  9999
2 28885   0.0137  33.4950 0002362   8.6863 253.6284  1.00271143 35111
INMARSAT 4-F2           
1 28899U 05044A   15133.07271418  .00000121  00000-0  00000+0 0  9995
2 28899   2.4367   1.0646 0002829  61.7044 219.0106  1.00273034 34860
TELKOM 2                
1 28902U 05046A   15132.84342878 -.00000378  00000-0  00000+0 0  9990
2 28902   0.0122 210.7957 0001973 229.6009 211.5409  1.00271575 34677
SPACEWAY 2              
1 28903U 05046B   15134.25914152 -.00000143  00000-0  00000+0 0  9998
2 28903   0.0052 184.7216 0000421   8.5567  32.6165  1.00271407 34864
INSAT-4A                
1 28911U 05049A   15133.57314714 -.00000181  00000-0  00000+0 0  9994
2 28911   0.1018  96.7870 0001761  29.4516  34.1418  1.00272680 34455
METEOSAT-9 (MSG-2)      
1 28912U 05049B   15131.06077471  .00000051  00000-0  00000+0 0  9998
2 28912   0.7572  54.8150 0001280 298.8989 265.9489  1.00272845 34438
EUTELSAT 172A (GE-23)   
1 28924U 05052A   15133.47947708 -.00000022  00000-0  10000-3 0  9995
2 28924   0.0691 353.2456 0005516  52.6940 169.5852  1.00271961 34341
ECHOSTAR 10             
1 28935U 06003A   15134.10860641 -.00000072  00000-0  10000-3 0  9990
2 28935   0.0239   6.8874 0002176 108.0975  45.4492  1.00270987 33886
HIMAWARI-7 (MTSAT-2)    
1 28937U 06004A   15133.49102544 -.00000258  00000-0  00000+0 0  9996
2 28937   0.0166  52.3760 0003530   3.4811 136.8457  1.00274553 33754
SPAINSAT                
1 28945U 06007A   15133.06958125 -.00000231  00000-0  00000+0 0  9996
2 28945   0.0066 220.3844 0002155 195.5846 169.6253  1.00272441 33601
EUTELSAT 9A             
1 28946U 06007B   15133.83839188  .00000046  00000-0  10000-3 0  9997
2 28946   0.0713  78.0405 0003186 329.4186 134.6217  1.00271647 33678
JCSAT-5A                
1 29045U 06010A   15132.88602432 -.00000343  00000-0  10000-3 0  9997
2 29045   0.0075 326.4489 0002038 114.4322 240.4619  1.00270442 33293
ASTRA 1KR               
1 29055U 06012A   15133.98113650  .00000104  00000-0  00000+0 0  9990
2 29055   0.0383 283.2404 0004468  76.9049 243.7010  1.00271442 33146
GOES 13                 
1 29155U 06018A   15133.26679906 -.00000266  00000-0  00000+0 0  9999
2 29155   0.2529 265.9167 0005012 164.6086 181.5545  1.00268339 32878
EUTELSAT 113 WEST A     
1 29162U 06020A   15132.35334065 -.00000052  00000-0  00000+0 0  9996
2 29162   0.0391  94.8606 0002838 316.9897 192.1511  1.00271745 32824
THAICOM 5               
1 29163U 06020B   15133.01840146 -.00000137  00000-0  10000-3 0  9992
2 29163   0.0260 283.2504 0002128  76.2383 316.1155  1.00271921 32883
GALAXY 16 (G-16)        
1 29236U 06023A   15131.42976633 -.00000140  00000-0  10000-3 0  9994
2 29236   0.0058 192.8707 0003310 205.2666 246.4757  1.00271628 32608
EUTELSAT HOT BIRD 13B   
1 29270U 06032A   15133.07241689  .00000072  00000-0  00000+0 0  9999
2 29270   0.0715 341.4132 0004222  56.6502 231.5208  1.00273315 32218
JCSAT-3A                
1 29272U 06033A   15133.63424686 -.00000361  00000-0  10000-3 0  9991
2 29272   0.0089 328.4245 0001576  94.9630 164.0095  1.00271072 32122
SYRACUSE 3B             
1 29273U 06033B   15132.05939605 -.00000058  00000-0  10000-3 0  9992
2 29273   0.0403  79.4685 0003739 318.5064 207.7174  1.00272144 32093
KOREASAT 5 (MUGUNGWHA 5)
1 29349U 06034A   15131.96944991 -.00000372  00000-0  10000-3 0  9999
2 29349   0.0281  27.3582 0001859 307.1376 356.9946  1.00269046 31988
ZHONGXING-22A           
1 29398U 06038A   15133.75062556 -.00000330  00000-0  00000+0 0  9993
2 29398   4.4255  62.9235 0003777  46.7360 133.2592  1.00271531 31784
DIRECTV 9S              
1 29494U 06043A   15133.40935241 -.00000130  00000-0  00000+0 0  9996
2 29494   0.0448 128.8464 0003347 265.3867 242.9001  1.00272073 31467
OPTUS D1                
1 29495U 06043B   15131.56726108 -.00000123  00000-0  10000-3 0  9999
2 29495   0.0568  53.9236 0002999 350.9405 188.3941  1.00272130 31489
XM-4 (BLUES)            
1 29520U 06049A   15133.40898650 -.00000039  00000-0  00000+0 0  9992
2 29520   0.0637  95.0162 0000308  28.4272 139.4090  1.00272132 31351
BADR-4                  
1 29526U 06051A   15132.90508190  .00000129  00000-0  10000-3 0  9996
2 29526   0.0504 321.4938 0003825  60.2703 200.3917  1.00270441 31242
FENGYUN 2D              
1 29640U 06053A   15133.84073832 -.00000217  00000-0  10000-3 0  9998
2 29640   3.0181  68.4198 0001910 121.3164  70.9510  1.00273947 30920
WILDBLUE-1              
1 29643U 06054A   15132.71092094 -.00000064  00000-0  10000-3 0  9998
2 29643   0.0324 124.0796 0001730 300.2329 310.6067  1.00272252 30900
AMC-18                  
1 29644U 06054B   15133.49687589 -.00000105  00000-0  10000-3 0  9990
2 29644   0.0528  79.9022 0002976 334.0594 250.9056  1.00272042 30911
MEASAT-3                
1 29648U 06056A   15133.76347271 -.00000258  00000-0  00000+0 0  9991
2 29648   0.0588 110.6152 0003196 351.9693 134.9720  1.00272018 30935
KIKU-8 (ETS-VIII)       
1 29656U 06059A   15133.45858670 -.00000254  00000-0  00000+0 0  9995
2 29656   4.1653  64.1173 0006138 339.0454 138.5351  1.00270125 30802
INSAT-4B                
1 30793U 07007A   15133.56179984 -.00000273  00000-0  00000+0 0  9990
2 30793   0.0626  99.6671 0002575 264.0733 163.0152  1.00270286 29948
SKYNET 5A               
1 30794U 07007B   15132.75895823  .00000026  00000-0  00000+0 0  9993
2 30794   0.0733   5.4248 0003952  64.8478  79.1376  1.00270741 30016
ANIK F3                 
1 31102U 07009A   15133.40888741 -.00000017  00000-0  00000+0 0  9994
2 31102   0.0022   1.1353 0002185  51.7186 206.4877  1.00272557 29699
ASTRA 1L                
1 31306U 07016A   15133.98113650  .00000103  00000-0  00000+0 0  9996
2 31306   0.0589 312.3616 0002673  80.5072 210.9141  1.00270897 29417
GALAXY 17 (G-17)        
1 31307U 07016B   15134.24643240 -.00000191  00000-0  00000+0 0  9998
2 31307   0.0282 353.3924 0003678  72.6827 163.3237  1.00271796 29440
ZHONGXING-6B            
1 31800U 07031A   15132.74666457 -.00000376  00000-0  10000-3 0  9991
2 31800   0.0088 320.0103 0002882  78.5922 215.9288  1.00269880 28821
DIRECTV 10              
1 31862U 07032A   15132.24682943 -.00000118  00000-0  00000+0 0  9992
2 31862   0.0184  13.6307 0000017 155.1947  46.9434  1.00272155 28750
SPACEWAY 3              
1 32018U 07036A   15132.35383613 -.00000166  00000-0  10000-3 0  9992
2 32018   0.0243  99.5976 0000332 319.5037 203.1230  1.00271600 28475
BSAT-3A                 
1 32019U 07036B   15133.93991507 -.00000366  00000-0  10000-3 0  9997
2 32019   0.0254 221.7439 0001173 319.7745 138.0870  1.00271750 28420
INSAT-4CR               
1 32050U 07037A   15133.05156706 -.00000092  00000-0  00000+0 0  9991
2 32050   0.0154 255.5727 0002874  37.1234  30.3580  1.00271388 28207
OPTUS D2                
1 32252U 07044A   15132.49509554 -.00000198  00000-0  00000+0 0  9990
2 32252   0.0181 310.7227 0003114  98.1203 151.3550  1.00272146 27822
INTELSAT 11 (IS-11)     
1 32253U 07044B   15132.37059206 -.00000283  00000-0  10000-3 0  9992
2 32253   0.0068 260.0888 0002889 150.2006 269.9376  1.00270070 27877
STAR ONE C1             
1 32293U 07056A   15132.40053453 -.00000291  00000-0  00000+0 0  9995
2 32293   0.0428 275.9962 0002781 166.5769 226.4788  1.00271357 27487
SKYNET 5B               
1 32294U 07056B   15131.79480595  .00000126  00000-0  00000+0 0  9994
2 32294   0.0645 351.2255 0003603  56.7066 131.7997  1.00271045 27569
ASTRA 4A (SIRIUS 4)     
1 32299U 07057A   15134.02628875  .00000017  00000-0  00000+0 0  9993
2 32299   0.0358  55.4645 0002557 353.2013 197.0868  1.00274059 27329
HORIZONS-2              
1 32388U 07063B   15132.84232705 -.00000197  00000-0  10000-3 0  9995
2 32388   0.0016 314.3782 0003298  93.8455 210.1517  1.00271063 27238
THURAYA-3               
1 32404U 08001A   15131.82760664 -.00000320  00000-0  10000-3 0  9992
2 32404   4.3948 346.8792 0004749  56.4192 222.5615  1.00271012 26873
EXPRESS-AM33            
1 32478U 08003A   15132.86061397 -.00000295  00000-0  10000-3 0  9998
2 32478   0.0062 326.0277 0000805 168.2526 142.3331  1.00270149 26980
THOR 5                  
1 32487U 08006A   15134.08873030 -.00000025  00000-0  00000+0 0  9998
2 32487   0.0078 235.2803 0002387 189.9228 197.4972  1.00271910 26540
KIZUNA (WINDS)          
1 32500U 08007A   15133.78901122 -.00000275  00000-0  00000+0 0  9992
2 32500   0.0184 264.0614 0002657 141.5886 252.6096  1.00270502 26422
AMC-14                  
1 32708U 08011A   15133.95630402  .00000137  00000-0  00000+0 0  9992
2 32708  17.6693  75.0564 0053517 357.3243 172.7812  1.00275663 27499
DIRECTV 11              
1 32729U 08013A   15134.25914193 -.00000142  00000-0  00000+0 0  9990
2 32729   0.0424  96.8235 0000076 351.0932 137.8767  1.00271381 26307
ICO G1                  
1 32763U 08016A   15132.84714670 -.00000191  00000-0  00000+0 0  9996
2 32763   4.1631 346.8605 0002698  65.6996  29.8429  1.00270001 25840
VINASAT-1               
1 32767U 08018A   15133.67120161 -.00000344  00000-0  10000-3 0  9995
2 32767   0.0089 345.1910 0001392  84.6868 174.8050  1.00269999 25964
STAR ONE C2             
1 32768U 08018B   15132.51287627 -.00000280  00000-0  00000+0 0  9993
2 32768   0.0068 315.2258 0002675 124.2066 265.1686  1.00270239 25936
TIANLIAN 1-01           
1 32779U 08019A   15133.57123038 -.00000152  00000-0  10000-3 0  9991
2 32779   1.2552  79.5792 0030878 220.9143 216.1589  1.00274354 25837
AMOS-3                  
1 32794U 08022A   15134.13374752 -.00000050  00000-0  00000+0 0  9998
2 32794   0.0601  92.9663 0001868 277.2027 265.5489  1.00272515 25817
GALAXY 18 (G-18)        
1 32951U 08024A   15133.40878068  .00000009  00000-0  00000+0 0  9996
2 32951   0.0096  64.7273 0003460 343.7235 206.5673  1.00273219 25478
CHINASAT 9 (ZX 9)       
1 33051U 08028A   15134.06063759 -.00000264  00000-0  00000+0 0  9992
2 33051   0.0089 289.1178 0004388 132.2595 284.1497  1.00272469 25381
SKYNET 5C               
1 33055U 08030A   15130.34477074 -.00000150  00000-0  00000+0 0  9999
2 33055   0.0728   9.9811 0003940  36.3794 287.8028  1.00270438 25255
TURKSAT 3A              
1 33056U 08030B   15133.88539721  .00000130  00000-0  00000+0 0  9997
2 33056   0.0551 125.6890 0004480 307.9083 158.4572  1.00274102 25441
INTELSAT 25 (IS-25)     
1 33153U 08034A   15132.13702615 -.00000238  00000-0  00000+0 0  9990
2 33153   0.0069 307.0236 0002420  91.3082 209.0849  1.00270988 25020
BADR-6                  
1 33154U 08034B   15132.86687449  .00000130  00000-0  00000+0 0  9998
2 33154   0.0611  24.6061 0005736  26.9119 156.8779  1.00274446 25125
ECHOSTAR 11             
1 33207U 08035A   15133.40912372 -.00000073  00000-0  10000-3 0  9997
2 33207   0.0486  75.4841 0003440 348.3472 204.3109  1.00272485 25012
SUPERBIRD-C2            
1 33274U 08038A   15131.66247797 -.00000264  00000-0  10000-3 0  9994
2 33274   0.0007 314.2086 0001537  96.3211 201.0546  1.00270832 24726
AMC-21                  
1 33275U 08038B   15131.45252280  .00000023  00000-0  10000-3 0  9997
2 33275   0.0389  47.8419 0002637  11.4868 207.5973  1.00271948 24800
INMARSAT 4-F3           
1 33278U 08039A   15133.53833427 -.00000159  00000-0  00000+0 0  9996
2 33278   3.0141 354.0758 0002811  54.6390 278.0730  1.00271769 24630
NIMIQ 4                 
1 33373U 08044A   15133.26660086 -.00000236  00000-0  00000+0 0  9993
2 33373   0.0144  90.2084 0002762 310.7538 203.7176  1.00270620 24254
GALAXY 19 (G-19)        
1 33376U 08045A   15134.19640918 -.00000156  00000-0  00000+0 0  9993
2 33376   0.0089 154.5900 0002918 263.9156 146.8208  1.00271473 24265
VENESAT-1               
1 33414U 08055A   15133.26670758 -.00000253  00000-0  00000+0 0  9997
2 33414   0.0459  97.0275 0001028 321.4789 190.1871  1.00274074 23940
ASTRA 1M                
1 33436U 08057A   15133.07256935  .00000105  00000-0  00000+0 0  9994
2 33436   0.0059 305.2032 0003638 145.0698 185.5879  1.00275451 23859
CIEL-2                  
1 33453U 08063A   15131.45081921  .00000045  00000-0  10000-3 0  9999
2 33453   0.0096 316.4626 0002760  94.4289 211.4713  1.00273106 23503
EUTELSAT HOT BIRD 13C   
1 33459U 08065A   15132.85750738  .00000072  00000-0  00000+0 0  9996
2 33459   0.0575  46.1209 0004445  16.9789 128.9205  1.00273210 23606
EUTELSAT 48D            
1 33460U 08065B   15132.90031041  .00000109  00000-0  00000+0 0  9994
2 33460   0.0823  47.9688 0001937   6.7861 187.7915  1.00274167 23462
FENGYUN 2E              
1 33463U 08066A   15132.85878374 -.00000345  00000-0  00000+0 0  9993
2 33463   2.5376  58.6854 0002385 151.7621  73.5046  1.00269824 23441
EXPRESS-AM44            
1 33595U 09007A   15133.10551875 -.00000104  00000-0  00000+0 0  9991
2 33595   0.0087 333.8398 0001268 140.6470 143.0475  1.00272159 22913
NSS-9                   
1 33749U 09008A   15133.58636497  .00000056  00000-0  10000-3 0  9999
2 33749   0.0473  52.7167 0002439 338.3042 234.1405  1.00271781 22922
EUTELSAT HOT BIRD 13D   
1 33750U 09008B   15132.85750718  .00000072  00000-0  00000+0 0  9996
2 33750   0.0526 303.9609 0002818 135.7873 112.2511  1.00273602 22958
TELSTAR 11N             
1 34111U 09009A   15134.26633571 -.00000267  00000-0  10000-3 0  9995
2 34111   0.0040  48.2032 0002370 358.4018 243.4076  1.00270267 22786
RADUGA-1 8              
1 34264U 09010A   15133.14406303 -.00000273  00000-0  10000-3 0  9990
2 34264   4.2319  76.6518 0009388 298.9357 234.7065  0.99829823 22702
EUTELSAT 10A            
1 34710U 09016A   15133.07234066  .00000053  00000-0  00000+0 0  9999
2 34710   0.0665 349.6168 0004723  60.7871 216.1362  1.00271999 22357
SES-7 (PROTOSTAR 2)     
1 34941U 09027A   15130.82237669 -.00000357  00000-0  10000-3 0  9992
2 34941   0.0806  75.6171 0000897 247.0156 309.9913  1.00271870 21961
MEASAT-3A               
1 35362U 09032A   15133.56149281 -.00000257  00000-0  00000+0 0  9996
2 35362   0.0251 205.6582 0000655 296.3257  22.6460  1.00269504 21603
GOES 14                 
1 35491U 09033A   15131.35712869 -.00000105  00000-0  00000+0 0  9995
2 35491   0.1753  99.9431 0001106  15.3745 137.6572  1.00271823 21501
SIRIUS FM-5             
1 35493U 09034A   15133.30026641 -.00000161  00000-0  00000+0 0  9993
2 35493   0.0236 292.9630 0000863  52.3094 257.5543  1.00271460 21362
TERRESTAR-1             
1 35496U 09035A   15132.72328387 -.00000076  00000-0  00000+0 0  9999
2 35496   3.5458 332.4730 0002697  89.1378 317.9398  1.00271766 21515
ASIASAT 5               
1 35696U 09042A   15133.88230176 -.00000323  00000-0  00000+0 0  9990
2 35696   0.0101  71.1377 0001959 303.5630 274.7162  1.00269082 21058
JCSAT-RA (JCSAT-12)     
1 35755U 09044A   15133.92359021 -.00000361  00000-0  10000-3 0  9991
2 35755   0.0755  57.7926 0001182 343.5164 290.4680  1.00270525 21024
OPTUS D3                
1 35756U 09044B   15133.44139897 -.00000163  00000-0  00000+0 0  9991
2 35756   0.0495  22.3251 0004142  26.1757 137.2859  1.00270605 20996
PALAPA D                
1 35812U 09046A   15133.48049497 -.00000374  00000-0  10000-3 0  9995
2 35812   0.0308  48.9745 0002829  48.0500  59.8093  1.00269923 21040
NIMIQ 5                 
1 35873U 09050A   15134.10412709 -.00000273  00000-0  10000-3 0  9995
2 35873   0.0391  90.2546 0002172 336.1983 129.8476  1.00270499 20733
AMAZONAS 2              
1 35942U 09054A   15131.47874752 -.00000295  00000-0  00000+0 0  9992
2 35942   0.0488 107.2888 0003662 346.2503 246.7769  1.00273165 20546
COMSATBW-1              
1 35943U 09054B   15133.90640352  .00000008  00000-0  10000-3 0  9996
2 35943   0.0633  73.0874 0002367 347.7247 199.8214  1.00271958 20626
NSS-12                  
1 36032U 09058A   15133.90624343  .00000055  00000-0  00000+0 0  9999
2 36032   0.0462  79.1034 0002969 322.9050 212.5592  1.00271923 20316
THOR 6                  
1 36033U 09058B   15134.02226065 -.00000026  00000-0  10000-3 0  9997
2 36033   0.0442 101.9829 0002024 309.0219 187.6174  1.00272606 20335
INTELSAT 14 (IS-14)     
1 36097U 09064A   15133.26757660 -.00000289  00000-0  00000+0 0  9995
2 36097   0.0232  43.4861 0002913   3.4824 235.0769  1.00272516 20060
EUTELSAT 36B            
1 36101U 09065A   15132.91595681  .00000140  00000-0  10000-3 0  9996
2 36101   0.0640 349.3285 0004139  69.5647 177.1022  1.00271551 20162
INTELSAT 15 (IS-15)     
1 36106U 09067A   15133.86767152 -.00000201  00000-0  10000-3 0  9991
2 36106   0.0038 331.5540 0002468  92.1005 205.1439  1.00270815 19960
DIRECTV 12              
1 36131U 09075A   15133.40930667 -.00000119  00000-0  10000-3 0  9999
2 36131   0.0163 171.7472 0000181 231.5324 232.1532  1.00271825 19740
BEIDOU G1               
1 36287U 10001A   15133.86955455 -.00000300  00000-0  10000-3 0  9996
2 36287   1.6315  11.9881 0003689 165.9359 146.4321  1.00269712 19533
RADUGA-1M 2             
1 36358U 10002A   15133.86767152 -.00000200  00000-0  10000-3 0  9990
2 36358   0.0148 271.1456 0002165 179.4499 178.0604  1.00271275 19374
SDO                     
1 36395U 10005A   15132.30537935 -.00000040  00000-0  00000+0 0  9993
2 36395  28.1018 154.3819 0002268 189.8654 253.5194  1.00273374 19396
INTELSAT 16 (IS-16)     
1 36397U 10006A   15132.14534606 -.00000248  00000-0  00000+0 0  9990
2 36397   0.0142   8.2945 0001750  55.1998 139.4316  1.00270779 19139
GOES 15                 
1 36411U 10008A   15133.49850828  .00000074  00000-0  00000+0 0  9991
2 36411   0.1074 106.9755 0001861 264.1179 263.8913  1.00274354 19040
ECHOSTAR 14             
1 36499U 10010A   15133.40888741 -.00000016  00000-0  00000+0 0  9993
2 36499   0.0175 289.2262 0003068 112.7676 217.1581  1.00273062 18896
SES-1                   
1 36516U 10016A   15133.26662986 -.00000130  00000-0  00000+0 0  9991
2 36516   0.0231 353.0821 0002374  44.4287 188.1932  1.00271921 18493
ASTRA 3B                
1 36581U 10021A   15132.85646551  .00000122  00000-0  00000+0 0  9993
2 36581   0.0823  37.7688 0004117  24.3435 140.0167  1.00273876 18159
COMSATBW-2              
1 36582U 10021B   15133.07241689  .00000072  00000-0  00000+0 0  9996
2 36582   0.0346 271.6928 0002059 186.8443 171.2529  1.00268895 18346
BEIDOU G3               
1 36590U 10024A   15133.85874427 -.00000370  00000-0  00000+0 0  9998
2 36590   1.5282  29.5587 0004338 310.4148 310.9672  1.00267300 18149
BADR-5                  
1 36592U 10025A   15132.69720294  .00000130  00000-0  00000+0 0  9997
2 36592   0.0311 135.8196 0002281 310.6860  60.6164  1.00274047 18278
COMS 1                  
1 36744U 10032A   15133.63424544 -.00000360  00000-0  10000-3 0  9999
2 36744   0.0478  79.4167 0001002 351.3276 156.8736  1.00271066 18018
ARABSAT-5A              
1 36745U 10032B   15132.91969697  .00000138  00000-0  00000+0 0  9990
2 36745   0.0543 355.3730 0003326  58.4646 178.0973  1.00270886 17995
ECHOSTAR 15             
1 36792U 10034A   15134.15947130 -.00000290  00000-0  10000-3 0  9995
2 36792   0.0279  11.2082 0003552  62.8422 169.8355  1.00270982 17767
BEIDOU IGSO 1           
1 36828U 10036A   15132.85393757 -.00000150  00000-0  10000-3 0  9997
2 36828  54.3130 201.1086 0040181 205.4502 246.6281  1.00243864 17572
NILESAT 201             
1 36830U 10037A   15133.96518309 -.00000073  00000-0  10000-3 0  9990
2 36830   0.0529 155.6460 0004337 281.1990 135.0549  1.00272642 17652
RASCOM-QAF 1R           
1 36831U 10037B   15134.02628875  .00000002  00000-0  10000-3 0  9990
2 36831   0.0151  16.3762 0003840  35.3158 192.1083  1.00271674 17656
CHINASAT 6A (ZX 6A)     
1 37150U 10042A   15133.93927418 -.00000370  00000-0  00000+0 0  9999
2 37150   0.0532 110.1002 0002772 353.5522 230.9014  1.00269607 17262
XM-5                    
1 37185U 10053A   15134.24691860 -.00000221  00000-0  10000-3 0  9993
2 37185   0.0167 286.2564 0001085 128.4682 180.6098  1.00270928 16815
BSAT-3B                 
1 37207U 10056B   15133.99170800 -.00000367  00000-0  00000+0 0  9994
2 37207   0.0513 323.2269 0003639  34.3629 340.7160  1.00270921 16645
BEIDOU G4               
1 37210U 10057A   15132.56679529 -.00000126  00000-0  10000-3 0  9991
2 37210   0.7278  38.8723 0005022 158.9561  36.2401  1.00272451 16650
SKYTERRA 1              
1 37218U 10061A   15133.40935241 -.00000140  00000-0  10000-3 0  9990
2 37218   4.1526 324.6468 0006673 163.6268 148.6559  1.00272539 16585
ZHONGXING-20A           
1 37234U 10064A   15131.83534640 -.00000351  00000-0  00000+0 0  9993
2 37234   0.1048  91.5271 0003041 333.0086 235.4919  1.00267735 16371
HYLAS 1                 
1 37237U 10065A   15132.29279238 -.00000248  00000-0  10000-3 0  9997
2 37237   0.0260 316.9567 0001920  95.6914 249.0111  1.00270547 16354
INTELSAT 17 (IS-17)     
1 37238U 10065B   15132.89986786 -.00000017  00000-0  00000+0 0  9996
2 37238   0.0237  98.8378 0003146 321.7465 199.7004  1.00271943 16309
BEIDOU IGSO 2           
1 37256U 10068A   15134.15697880 -.00000224  00000-0  10000-3 0  9999
2 37256  54.0275 320.1254 0031170 199.0051 245.6901  1.00250762 16177
EUTELSAT KA-SAT 9A      
1 37258U 10069A   15134.02117390  .00000045  00000-0  10000-3 0  9991
2 37258   0.0237 311.1380 0004854 149.7759 147.1616  1.00270866 16181
HISPASAT 1E             
1 37264U 10070A   15134.04793772 -.00000232  00000-0  00000+0 0  9990
2 37264   0.0574  99.5780 0004840 336.2095 142.9531  1.00270495 16035
KOREASAT 6              
1 37265U 10070B   15132.92572664 -.00000377  00000-0  00000+0 0  9991
2 37265   0.0136 353.5188 0002087  54.8649 271.2445  1.00271246 16040
ELEKTRO-L 1 (GOMS 2)    
1 37344U 11001A   15132.56955777 -.00000110  00000-0  10000-3 0  9994
2 37344   0.9044  80.7615 0001505 251.0120 179.1722  1.00270707 15828
BEIDOU IGSO 3           
1 37384U 11013A   15133.98224538 -.00000172  00000-0  10000-3 0  9990
2 37384  56.9037  80.9791 0025131 194.8326  69.8170  1.00267670 15046
INTELSAT NEW DAWN       
1 37392U 11016A   15131.97872476  .00000142  00000-0  10000-3 0  9995
2 37392   0.0053  17.0910 0000645  45.7680 191.7395  1.00273588 14887
YAHSAT 1A               
1 37393U 11016B   15131.66714273  .00000088  00000-0  10000-3 0  9991
2 37393   0.0098 270.1966 0001402 165.3625  86.2311  1.00272731 14920
TELSTAR 14R             
1 37602U 11021A   15131.27528873 -.00000292  00000-0  00000+0 0  9999
2 37602   0.0591  65.8927 0001197 306.3205 252.5953  1.00269879 15132
GSAT-8                  
1 37605U 11022A   15133.56606074  .00000069  00000-0  10000-3 0  9993
2 37605   0.1068  95.3741 0003814 196.8230 197.6095  1.00271150 14618
ST-2                    
1 37606U 11022B   15130.80279882 -.00000223  00000-0  10000-3 0  9994
2 37606   0.0129  35.2238 0001442 359.2286 210.8583  1.00271497 14592
CHINASAT 10 (ZX 10)     
1 37677U 11026A   15134.00781750 -.00000368  00000-0  10000-3 0  9994
2 37677   0.0036  10.6871 0004717 197.6055 136.4350  1.00268249 14331
TIANLIAN 1-02           
1 37737U 11032A   15133.80143227 -.00000063  00000-0  10000-3 0  9998
2 37737   1.0363  80.6737 0027916 194.3951  51.7060  1.00274058 14089
GSAT-12                 
1 37746U 11034A   15133.57314616 -.00000181  00000-0  00000+0 0  9992
2 37746   0.0833 264.2006 0007076 198.4445  57.6888  1.00272538 14339
SES-3                   
1 37748U 11035A   15134.25447132 -.00000118  00000-0  00000+0 0  9991
2 37748   0.0180 285.8078 0000809 111.7081 182.7483  1.00271212 14064
KAZSAT-2                
1 37749U 11035B   15133.84073071 -.00000214  00000-0  00000+0 0  9990
2 37749   0.0253  29.6295 0001429  70.0541 160.7639  1.00270345 13983
BEIDOU IGSO 4           
1 37763U 11038A   15133.94095785 -.00000093  00000-0  10000-3 0  9996
2 37763  54.6289 203.3325 0036187 205.6691 255.9796  1.00285312 14015
ASTRA 1N                
1 37775U 11041A   15133.98113650  .00000104  00000-0  00000+0 0  9996
2 37775   0.0621 359.0015 0005942  59.0541 185.7802  1.00274753 13775
BSAT-3C (JCSAT-110R)    
1 37776U 11041B   15133.85874427 -.00000367  00000-0  00000+0 0  9991
2 37776   0.0516  83.8351 0000151  19.6253 186.9464  1.00270447 13901
PAKSAT-1R               
1 37779U 11042A   15132.90771781  .00000138  00000-0  00000+0 0  9994
2 37779   0.0476  72.2241 0003009 351.6755 171.2421  1.00274385 13679
CHINASAT 1A (ZX 1A)     
1 37804U 11047A   15132.85893969 -.00000353  00000-0  10000-3 0  9990
2 37804   0.0463  69.8431 0000641 210.0361  29.5060  1.00269410 13449
COSMOS 2473             
1 37806U 11048A   15132.84330545 -.00000150  00000-0  10000-3 0  9993
2 37806   0.0683  79.0891 0001085  40.9237 133.8138  1.00271625 13427
SES-2                   
1 37809U 11049A   15133.29248111 -.00000211  00000-0  10000-3 0  9992
2 37809   0.0606  65.9831 0002939 332.7165 210.3264  1.00270588 13387
ARABSAT-5C              
1 37810U 11049B   15132.91193117  .00000108  00000-0  00000+0 0  9996
2 37810   0.0647 351.3368 0002783 108.1658 119.1458  1.00273500 13333
EUTELSAT 7 WEST A       
1 37816U 11051A   15133.96518309 -.00000077  00000-0  10000-3 0  9996
2 37816   0.0667 340.0797 0002842 133.4561  97.9953  1.00272635 13333
QUETZSAT 1              
1 37826U 11054A   15133.26673808 -.00000257  00000-0  10000-3 0  9999
2 37826   0.0608  75.0675 0002971 340.6478 194.0274  1.00272306 13454
INTELSAT 18 (IS-18)     
1 37834U 11056A   15132.54314389  .00000038  00000-0  00000+0 0  9997
2 37834   0.0528  58.6973 0002797 321.8864 224.9717  1.00272218 13242
EUTELSAT 16A            
1 37836U 11057A   15130.08511742  .00000094  00000-0  00000+0 0  9991
2 37836   0.0677 354.4690 0004481  55.7845 223.9559  1.00273601 13123
VIASAT-1                
1 37843U 11059A   15132.35327966 -.00000038  00000-0  10000-3 0  9990
2 37843   0.0038 344.9407 0002307  61.5104 195.4416  1.00272131 13627
ASIASAT 7               
1 37933U 11069A   15133.48031963 -.00000349  00000-0  10000-3 0  9990
2 37933   0.0172 273.3702 0001459 112.7996 123.1525  1.00269441 12835
BEIDOU IGSO 5           
1 37948U 11073A   15133.38776914 -.00000161  00000-0  10000-3 0  9994
2 37948  54.1255 319.5799 0030125 197.8465 307.8383  1.00265053 12769
AMOS-5                  
1 37950U 11074A   15133.07251598  .00000094  00000-0  10000-3 0  9994
2 37950   0.0035 245.9968 0002862 252.7622 134.8330  1.00271732 12627
LUCH 5A                 
1 37951U 11074B   15133.86316001 -.00000061  00000-0  00000+0 0  9993
2 37951   2.3073 237.4963 0002963 191.7682 279.7822  1.00269683 12555
NIGCOMSAT 1R            
1 38014U 11077A   15127.00826345  .00000144  00000-0  00000+0 0  9994
2 38014   0.0090 104.1746 0004123 162.1530   3.6632  1.00217191 12362
FENGYUN 2F              
1 38049U 12002A   15131.90129422 -.00000371  00000-0  10000-3 0  9995
2 38049   0.2269  35.7511 0002240 158.3076 112.1724  1.00274532 12235
SES-4                   
1 38087U 12007A   15133.76840756 -.00000184  00000-0  00000+0 0  9995
2 38087   0.0232 346.7990 0002394  72.4468  66.5740  1.00270995 11892
BEIDOU G5               
1 38091U 12008A   15134.05923987  .00000040  00000-0  00000+0 0  9992
2 38091   1.1104  27.3088 0001194  92.7004 191.4945  1.00275404 11845
INTELSAT 22 (IS-22)     
1 38098U 12011A   15130.06489457 -.00000068  00000-0  00000+0 0  9990
2 38098   0.0422  47.5998 0001624 351.9150 283.4810  1.00271327 11402
APSTAR 7                
1 38107U 12013A   15133.84045627 -.00000118  00000-0  00000+0 0  9995
2 38107   0.0189 359.5828 0002539  52.3147 198.4619  1.00272347 11534
YAHSAT 1B               
1 38245U 12016A   15133.58395675  .00000111  00000-0  00000+0 0  9995
2 38245   0.0065 266.1910 0001260 174.7077  47.9328  1.00271403 11285
JCSAT-13                
1 38331U 12023A   15132.69804789 -.00000371  00000-0  00000+0 0  9990
2 38331   0.0321  56.2067 0001138   7.0014 182.2242  1.00270299 10942
VINASAT-2               
1 38332U 12023B   15133.44897726 -.00000345  00000-0  00000+0 0  9999
2 38332   0.0030 316.5368 0002086 110.9808  96.8476  1.00270030 10980
NIMIQ 6                 
1 38342U 12026A   15134.24643106 -.00000190  00000-0  00000+0 0  9991
2 38342   0.0565  86.1682 0002586 316.3119 186.7754  1.00269951 10961
CHINASAT 2A (ZX 2A)     
1 38352U 12028A   15133.87833201 -.00000309  00000-0  10000-3 0  9996
2 38352   0.0276  24.7175 0002027 355.9605 265.1239  1.00270716 11002
INTELSAT 19 (IS-19)     
1 38356U 12030A   15131.77702991 -.00000070  00000-0  00000+0 0  9991
2 38356   0.0350  58.0604 0003117 354.1340 262.7715  1.00270336 10856
ECHOSTAR 17             
1 38551U 12035A   15132.35350073 -.00000090  00000-0  00000+0 0  9990
2 38551   0.0013 333.0156 0002657  60.4962 216.4562  1.00271669 10476
METEOSAT-10 (MSG-3)     
1 38552U 12035B   15134.08873030 -.00000019  00000-0  00000+0 0  9997
2 38552   0.0304 273.3902 0001185 158.7196 191.2533  1.00277652 10588
SES-5                   
1 38652U 12036A   15131.73438725  .00000021  00000-0  00000+0 0  9998
2 38652   0.0646 270.6899 0002297 140.9081  86.9626  1.00273019 10412
TIANLIAN 1-03           
1 38730U 12040A   15133.07250837  .00000092  00000-0  10000-3 0  9998
2 38730   0.1044 268.0121 0002991 275.7415  89.6192  1.00269908 10342
INTELSAT 20 (IS-20)     
1 38740U 12043A   15132.78653044 -.00000040  00000-0  00000+0 0  9995
2 38740   0.0207 283.6020 0000188  72.7812 225.5083  1.00272255 10187
HYLAS 2                 
1 38741U 12043B   15133.07285140  .00000139  00000-0  10000-3 0  9990
2 38741   0.0712  89.9793 0002283 341.8568 215.8880  1.00272268 10203
INTELSAT 21 (IS-21)     
1 38749U 12045A   15132.44706150 -.00000299  00000-0  00000+0 0  9992
2 38749   0.0255  34.3365 0002274  33.0472 265.4585  1.00271243  9995
ASTRA 2F                
1 38778U 12051A   15132.77578352  .00000135  00000-0  00000+0 0  9996
2 38778   0.0182 229.6491 0000773 104.2480 203.8226  1.00274557  9648
GSAT-10                 
1 38779U 12051B   15132.56041441 -.00000180  00000-0  00000+0 0  9999
2 38779   0.0164 252.8588 0003231  56.1842 205.7575  1.00271188  9648
INTELSAT 23 (IS-23)     
1 38867U 12057A   15133.26737079 -.00000300  00000-0  00000+0 0  9994
2 38867   0.0041 115.6301 0001783 299.1139 219.2159  1.00270445  9471
BEIDOU G6               
1 38953U 12059A   15131.86820139 -.00000150  00000-0  10000-3 0  9994
2 38953   0.1553  32.4982 0001387  31.9121 197.5212  1.00271063  9396
LUCH 5B                 
1 38977U 12061A   15134.15658670 -.00000144  00000-0  00000+0 0  9995
2 38977   2.0063  81.4928 0001308  31.4181 158.7628  1.00273521  9545
YAMAL 300K              
1 38978U 12061B   15133.27705262  .00000040  00000-0  10000-3 0  9997
2 38978   0.0391 350.6352 0009531  32.4713 115.3695  1.00866357  9232
STAR ONE C3             
1 38991U 12062A   15132.36988098 -.00000263  00000-0  10000-3 0  9990
2 38991   0.1077  87.2410 0002156 311.6203 249.1304  1.00270734  9207
EUTELSAT 21B            
1 38992U 12062B   15133.07262271  .00000115  00000-0  00000+0 0  9998
2 38992   0.0670 355.4462 0002471  61.7575 221.0712  1.00274618  9227
ECHOSTAR 16             
1 39008U 12065A   15133.26714971 -.00000297  00000-0  10000-3 0  9997
2 39008   0.0037 267.4448 0002644 142.0404 215.8920  1.00271097  9168
CHINASAT 12 (ZX 12)     
1 39017U 12067A   15133.84076119 -.00000222  00000-0  10000-3 0  9996
2 39017   0.0213   6.9244 0002773  47.6690 206.8306  1.00269918  9071
EUTELSAT 70B            
1 39020U 12069A   15130.17193985 -.00000054  00000-0  00000+0 0  9994
2 39020   0.0626 348.1447 0002744  66.1835 305.7074  1.00271653  8949
YAMAL 402               
1 39022U 12070A   15131.62396130  .00000073  00000-0  10000-3 0  9991
2 39022   0.0079 300.7053 0003511 144.2661  63.6258  1.00271773  8945
SKYNET 5D               
1 39034U 12075A   15131.97264946  .00000085  00000-0  10000-3 0  9999
2 39034   0.0690 346.6449 0003787  56.7282 228.9645  1.00274321  8865
MEXSAT 3                
1 39035U 12075B   15133.28033478 -.00000041  00000-0  10000-3 0  9993
2 39035   0.0494 103.1570 0001842 319.5762 154.1147  1.00272195  8833
TDRS 11                 
1 39070U 13004A   15133.79088623  .00000066  00000-0  00000+0 0  9994
2 39070   6.2803 330.0363 0007582 274.7642 100.1105  1.00265140  8388
AMAZONAS 3              
1 39078U 13006A   15131.33248183 -.00000295  00000-0  10000-3 0  9991
2 39078   0.0263 174.1136 0001100 266.0961 207.2936  1.00270670  8308
AZERSPACE 1             
1 39079U 13006B   15132.05666619  .00000119  00000-0  00000+0 0  9999
2 39079   0.0161  15.1426 0001992  56.3621 224.4155  1.00273920  8309
EUTELSAT 117 WEST A     
1 39122U 13012A   15132.69599116 -.00000028  00000-0  00000+0 0  9992
2 39122   0.0109 270.7558 0002480 141.7894 311.3618  1.00271982  7832
ANIK G1                 
1 39127U 13014A   15132.35350073 -.00000089  00000-0  00000+0 0  9996
2 39127   0.0065 271.0154 0001444  94.0654 244.6866  1.00272136  7618
CHINASAT 11 (ZX 11)     
1 39157U 13020A   15131.09289190 -.00000304  00000-0  00000+0 0  9997
2 39157   0.0177  29.0934 0000906 191.3807 139.5275  1.00273597  7499
EUTELSAT 7B             
1 39163U 13022A   15132.98555345  .00000033  00000-0  00000+0 0  9991
2 39163   0.0517  31.4486 0006704 344.0014 216.8212  1.00273921  7358
SES-6                   
1 39172U 13026A   15133.26769856 -.00000277  00000-0  00000+0 0  9992
2 39172   0.0191 319.2069 0002348 110.9975 216.3727  1.00273355  7106
IRNSS-1A                
1 39199U 13034A   15131.90119873  .00000130  00000-0  00000+0 0  9994
2 39199  27.7187 128.6555 0021836 191.5642 288.7295  1.00277140  7005
ALPHASAT                
1 39215U 13038A   15133.07270656  .00000125  00000-0  00000+0 0  9998
2 39215   0.8120  34.1749 0002064  18.4614 228.8804  1.00271268  6620
INSAT-3D                
1 39216U 13038B   15133.57018939 -.00000171  00000-0  00000+0 0  9990
2 39216   0.0910  97.9499 0001330 314.1276 106.2511  1.00270780  6660
EUTELSAT 25B            
1 39233U 13044A   15131.99191418  .00000129  00000-0  00000+0 0  9996
2 39233   0.0477 349.1528 0001812  21.2384 241.6291  1.00272318  6256
GSAT-7                  
1 39234U 13044B   15133.87079652 -.00000093  00000-0  00000+0 0  9992
2 39234   0.0748  92.2267 0007121 190.5653 335.9801  1.00271241  6261
AMOS-4                  
1 39237U 13045A   15132.85060839 -.00000008  00000-0  00000+0 0  9996
2 39237   0.0557  93.0464 0001597 341.6722 166.7979  1.00273384  6241
ASTRA 2E                
1 39285U 13056A   15133.98138807  .00000134  00000-0  10000-3 0  9991
2 39285   0.0471   7.7292 0002123  65.2344 180.0955  1.00273312  5956
SIRIUS FM-6             
1 39360U 13058A   15132.68340485 -.00000032  00000-0  00000+0 0  9993
2 39360   0.0111 331.4031 0000457 311.8618  76.7362  1.00270730  5708
RADUGA-1M 3             
1 39375U 13062A   15133.56843765 -.00000054  00000-0  00000+0 0  9995
2 39375   0.0089 112.9625 0002631 339.4863  53.1855  1.00271723  5498
SES-8                   
1 39460U 13071A   15133.99140705 -.00000285  00000-0  00000+0 0  9997
2 39460   0.0124 272.3704 0002807 155.5601 255.3881  1.00270037  5238
INMARSAT 5-F1           
1 39476U 13073A   15132.88700022  .00000012  00000-0  10000-3 0  9999
2 39476   0.0007 275.4792 0000796 194.7954 141.9890  1.00273062  5283
TKSAT-1 (TUPAC KATARI)  
1 39481U 13075A   15133.97577610 -.00000211  00000-0  10000-3 0  9995
2 39481   0.0634  80.8928 0001661 342.3937  72.2053  1.00272923  5213
EXPRESS-AM5             
1 39487U 13077A   15132.49477538 -.00000295  00000-0  00000+0 0  9994
2 39487   0.0007 288.2563 0000555  99.3848 160.4569  1.00270778  5738
GSAT-14                 
1 39498U 14001A   15133.87079652 -.00000093  00000-0  00000+0 0  9998
2 39498   0.1198  93.4913 0001637 305.3854 219.9015  1.00271666  4941
THAICOM 6               
1 39500U 14002A   15133.01840295 -.00000136  00000-0  10000-3 0  9991
2 39500   0.0821 122.8300 0005062 347.9108 204.8506  1.00271717  4882
TDRS 12                 
1 39504U 14004A   15131.30486979 -.00000291  00000-0  00000+0 0  9999
2 39504   6.6896 337.4882 0001557  66.4038 253.7784  1.00273558  4784
ABS-2                   
1 39508U 14006A   15131.66842316 -.00000100  00000-0  00000+0 0  9994
2 39508   0.0544  84.4029 0002531 320.8098 139.4864  1.00272117  4671
ATHENA-FIDUS            
1 39509U 14006B   15133.83939668  .00000138  00000-0  00000+0 0  9993
2 39509   0.0222 357.4109 0001167  58.7377 155.0884  1.00271979  4871
TURKSAT 4A              
1 39522U 14007A   15133.88539721  .00000130  00000-0  10000-3 0  9997
2 39522   0.0229 278.7503 0001873  72.0294 241.2575  1.00270953  4570
EXPRESS-AT1             
1 39612U 14010A   15131.20926598  .00000066  00000-0  00000+0 0  9990
2 39612   0.0169 302.3809 0000246 164.0205 253.6096  1.00273664  4390
EXPRESS-AT2             
1 39613U 14010B   15133.86955455 -.00000297  00000-0  00000+0 0  9996
2 39613   0.0026 246.9409 0000456 236.2687 200.9762  1.00271985  4244
AMAZONAS 4A             
1 39616U 14011A   15134.15683596 -.00000299  00000-0  00000+0 0  9999
2 39616   0.0436  40.2198 0006082   2.2423 184.6424  1.00269352  4239
ASTRA 5B                
1 39617U 14011B   15133.07286664  .00000139  00000-0  00000+0 0  9997
2 39617   0.0328  19.0799 0002444  43.0995 226.0558  1.00273019  4229
IRNSS-1B                
1 39635U 14017A   15133.05111730  .00000040  00000-0  00000+0 0  9993
2 39635  30.4030 306.6797 0020257 177.4904 179.7657  1.00271389  4157
LUCH 5V                 
1 39727U 14023A   15134.06033576 -.00000292  00000-0  00000+0 0  9995
2 39727   4.1289 301.2306 0003270 133.0967 273.6332  1.00273131521899
KAZSAT 3                
1 39728U 14023B   15134.05923987  .00000044  00000-0  00000+0 0  9993
2 39728   0.0259  26.6114 0000213  89.2873 195.3968  1.00271436  3817
EUTELSAT 3B             
1 39773U 14030A   15132.33149459  .00000005  00000-0  00000+0 0  9991
2 39773   0.0549 352.2286 0002402 147.2951 212.6639  1.00272812  3560
ASIASAT 8               
1 40107U 14046A   15132.79388407 -.00000348  00000-0  00000+0 0  9990
2 40107   0.0205 288.4419 0001608 156.5454 176.3492  1.00269087  2852
ASIASAT 6               
1 40141U 14052A   15130.77988096 -.00000374  00000-0  10000-3 0  9995
2 40141   0.0192 102.5642 0001059 276.9942 249.3825  1.00272852  2493
OPTUS 10                
1 40146U 14054A   15133.28755458 -.00000090  00000-0  00000+0 0  9995
2 40146   0.0081 298.4681 0002978 116.3977  83.3639  1.00271568  2480
MEASAT-3B               
1 40147U 14054B   15133.76347271 -.00000257  00000-0  10000-3 0  9999
2 40147   0.0341  18.6912 0002393  45.8609 172.9759  1.00269607  2533
LUCH (OLYMP)            
1 40258U 14058A   15133.83918324  .00000083  00000-0  00000+0 0  9998
2 40258   0.0064 342.6110 0023894 275.4554 305.4400  0.99730817  2301
HIMAWARI 8              
1 40267U 14060A   15133.86955455 -.00000292  00000-0  00000+0 0  9993
2 40267   0.0408  77.2454 0001547  34.2152 213.5172  1.00269221  2226
IRNSS-1C                
1 40269U 14061A   15133.84063922 -.00000184  00000-0  10000-3 0  9998
2 40269   4.5556 269.3440 0018595   5.7188 341.9759  1.00272469  2183
INTELSAT 30 (IS-30)     
1 40271U 14062A   15132.35383613 -.00000165  00000-0  00000+0 0  9993
2 40271   0.0068  57.3469 0001271 165.1447  39.6531  1.00271899  2122
ARSAT 1                 
1 40272U 14062B   15134.14877507 -.00000276  00000-0  00000+0 0  9996
2 40272   0.0453  76.6382 0001626 337.9585 158.7387  1.00270981  2252
GSAT 16                 
1 40332U 14078A   15131.62396264  .00000072  00000-0  00000+0 0  9999
2 40332   0.0419  96.2582 0007138 343.2819  69.2454  1.00271828  1605
DIRECTV 14              
1 40333U 14078B   15133.40939814 -.00000141  00000-0  00000+0 0  9990
2 40333   0.0133 345.2815 0000424 188.0849 105.6285  1.00271661  1606
YAMAL 401               
1 40345U 14082A   15131.59429694 -.00000242  00000-0  00000+0 0  9998
2 40345   0.0146 350.8445 0000504  91.7853  90.3251  1.00270674  1750
ASTRA 2G                
1 40364U 14089A   15134.13994443  .00000126  00000-0  00000+0 0  9998
2 40364   0.0370 294.1277 0000713  44.2057 347.0741  1.00272044  1393
FENGYUN 2G              
1 40367U 14090A   15133.88230176 -.00000318  00000-0  00000+0 0  9994
2 40367   2.0128 277.3263 0005035 253.8767 117.2843  1.00265541  1412
INMARSAT 5-F2           
1 40384U 15005A   15133.10732361 -.00000171  00000-0  00000+0 0  9995
2 40384   0.0462  83.0730 0000296   8.5525 157.3768  1.00270916  1033